Running Random Writes
Block: 4 kb
0.084135
0.043977
0.047522
0.146887
0.114461
0.148577
0.143208
0.204350
0.181328
0.176368
Block: 8 kb
0.275832
0.277133
0.316167
0.367137
0.451870
0.284886
0.334263
0.595999
0.238356
0.305272
Block: 16 kb
0.520937
0.743327
0.930480
0.870890
1.183669
0.961566
0.708821
0.993985
1.261195
0.805647
Block: 32 kb
2.350033
2.168877
3.133657
0.746347
3.052634
2.338629
2.519444
2.891644
2.224224
2.661146
Block: 64 kb
4.962607
3.957543
3.964636
3.367933
5.504365
6.148284
0.876297
5.505213
3.014409
5.756191
Block: 128 kb
9.190838
4.875409
8.595791
8.016610
10.239083
11.027060
10.804503
11.700560
11.310173
6.659475
Block: 256 kb
8.293043
8.417012
11.128050
17.751900
22.057040
21.172535
22.446688
22.069696
8.046994
7.203781
Block: 512 kb
7.952033
9.404241
26.222630
26.130128
25.330564
26.801028
17.476407
2.122061
1.242628
6.095591
Block: 1024 kb
75.295536
70.096733
82.706148
55.947184
77.160494
87.153562
11.753920
11.798018
11.897821
12.134597
Block: 2048 kb
10.790629
55.487735
68.908491
64.662142
64.582797
61.781784
67.842607
65.244340
51.950752
12.113723
Block: 4096 kb
8.659733
10.993965
10.477677
22.889581
23.277468
22.936307
19.511054
25.223861
23.566563
24.429569
Block: 8192 kb
9.803826
7.307111
6.666533
7.094461
8.338893
11.121243
5.467498
15.586278
157.331656
148.434025
Block: 16384 kb
93.327109
102.448519
85.623768
85.382515
95.538356
14.144272
9.019816
11.699875
5.041899
36.555051
Block: 32768 kb
28.468131
7.440365
6.407916
1.751053
3.803047
3.573790
2.839384
1.814431
2.147125
10.832945
Block: 65536 kb
18.001800
10.340727
4.485371
4.841537
5.455775
3.039477
3.291466
4.135666
24.983136
25.143948
Block: 131072 kb
35.799950
3.136183
4.884029
9.764576
6.908415
4.369064
5.402981
4.821345
10.904888
13.846772
Running Random Reads
Block: 4 kb
0.175713
0.617476
0.312700
2.937436
2.416766
0.946388
0.726093
0.304406
2.891201
2.905904
Block: 8 kb
1.857355
0.929546
1.467410
0.385797
1.656315
1.029766
0.799290
0.704029
0.298656
0.339726
Block: 16 kb
1.379044
0.581838
1.104989
2.252242
1.152654
2.385274
2.299141
1.101812
2.045262
0.732313
Block: 32 kb
2.616253
1.894668
5.625500
1.109803
1.396863
5.630061
1.018439
3.605800
3.733224
1.351472
Block: 64 kb
1.074473
3.887179
4.409074
8.613042
8.026068
0.917083
2.169094
3.223602
1.181251
4.393229
Block: 128 kb
3.286965
2.649259
1.261093
1.420836
1.591282
0.750559
3.179579
3.209634
4.659245
1.570564
Block: 256 kb
2.415004
3.282057
3.523410
1.574374
1.257049
1.260071
1.298142
1.516845
4.654475
3.667585
Block: 512 kb
11.136478
1.870907
1.891550
3.561304
3.509868
1.717251
1.463653
1.455689
1.842870
1.604408
Block: 1024 kb
1.867623
1.710065
1.562044
1.978568
3.633113
3.703429
2.272010
2.076925
1.923621
1.825157
Block: 2048 kb
2.701447
2.712394
2.295189
2.177321
2.016572
1.784965
2.603062
3.344917
4.368815
4.235386
Block: 4096 kb
3.999681
3.245246
3.195480
2.489507
2.494724
3.374479
3.164417
3.026973
3.251028
3.251906
Block: 8192 kb
4.103557
3.945349
3.880632
4.136488
4.124408
4.277617
2.090856
2.111634
3.860512
3.980717
Block: 16384 kb
3.803901
2.751092
2.769999
4.343030
4.534757
4.565772
4.716669
5.641240
5.738783
5.791528
Block: 32768 kb
5.368463
5.129178
5.150524
5.378542
5.569635
5.583473
5.504153
4.643021
2.907661
2.874389
Block: 65536 kb
5.720758
5.876407
5.848090
5.877236
2.749413
3.024483
3.870762
5.793642
5.838461
5.834782
Block: 131072 kb
6.475677
6.735776
6.760685
6.769702
6.791818
5.706460
6.046827
6.097673
5.989602
6.267431
