Running Sequential Writes
Block: 4 kb
0.657161
0.226507
0.224226
0.208398
0.245182
0.236336
0.250235
0.244408
0.237934
0.228587
Block: 8 kb
0.807242
0.244770
0.251052
0.255070
0.248027
0.242744
0.223957
0.246963
0.250297
0.258215
Block: 16 kb
0.426327
0.614865
0.609652
0.637217
0.641489
0.637823
0.634066
0.639942
0.616517
0.644526
Block: 32 kb
0.668465
1.018892
0.985917
1.025017
1.030154
1.021453
1.022085
0.996958
1.023392
1.043595
Block: 64 kb
0.990492
1.474200
1.439698
1.482969
1.451204
1.458232
1.496262
0.626983
1.346756
1.481848
Block: 128 kb
0.767060
1.687345
1.810633
1.840763
1.796377
1.831207
1.802770
1.765493
1.804002
1.826778
Block: 256 kb
1.411893
0.599964
1.048103
0.679556
1.230837
0.623708
1.224740
0.624978
1.061664
0.615719
Block: 512 kb
1.423313
0.613797
0.965330
0.635589
0.633480
1.106619
0.619450
0.538014
0.910383
0.651614
Block: 1024 kb
0.881898
0.799006
1.032076
0.594550
0.600648
1.146680
0.620580
1.056468
0.621211
0.923497
Block: 2048 kb
0.548900
0.599246
0.691855
0.623127
0.672564
0.627863
0.694728
0.625783
0.635560
0.624113
Block: 4096 kb
0.615371
0.614007
0.619649
0.706231
0.598441
0.542271
0.614828
0.602043
0.645338
0.587545
Block: 8192 kb
0.453887
1.417326
0.657022
1.243373
0.573838
0.633078
0.620097
1.054186
0.460930
0.874430
Block: 16384 kb
0.541707
0.764563
0.629057
0.682989
0.652139
0.785695
0.628225
0.701233
0.642462
0.713071
Block: 32768 kb
0.550525
0.721565
0.629815
0.669646
0.512103
0.625349
1.075460
0.620550
0.604524
0.602418
Block: 65536 kb
0.709612
0.646006
0.720942
0.609135
0.665806
0.637828
0.721133
0.629054
0.673572
0.604395
Block: 131072 kb
0.620067
0.647511
0.651772
0.671140
0.621070
0.611118
0.655405
0.637073
0.620519
0.649951
Running Sequential Reads
Block: 4 kb
0.160192
0.169972
0.164080
0.168845
0.172401
0.152856
0.145453
0.161790
0.160136
0.155504
Block: 8 kb
0.224550
0.218953
0.207905
0.227048
0.228100
0.222185
0.194863
0.224605
0.220200
0.228424
Block: 16 kb
0.318938
0.326110
0.327077
0.331970
0.327554
0.342908
0.344721
0.333912
0.352656
0.344654
Block: 32 kb
0.342426
0.339269
0.336533
0.333235
0.307714
0.339900
0.341493
0.341755
0.344036
0.348733
Block: 64 kb
0.476373
0.477182
0.480156
0.479097
0.481262
0.478307
0.479146
0.478941
0.480792
0.477420
Block: 128 kb
0.822760
0.822686
0.826721
0.828207
0.810454
0.832710
0.832669
0.833894
0.833275
0.833115
Block: 256 kb
1.154407
1.101369
1.167722
1.180261
1.180341
1.180104
1.171502
1.173746
1.179359
1.184965
Block: 512 kb
1.461426
1.455282
1.422746
1.437066
1.444143
1.420578
1.458311
1.433527
1.431371
1.448574
Block: 1024 kb
1.696629
1.696497
1.688704
1.688117
1.676719
1.702360
1.681758
1.642778
1.705417
1.672406
Block: 2048 kb
2.155637
2.135219
2.135849
2.133748
2.138328
2.149997
2.133652
2.145389
2.117249
1.897598
Block: 4096 kb
2.460231
2.442158
2.438251
2.455084
2.465946
2.420540
2.401174
2.385991
2.347577
2.396260
Block: 8192 kb
2.660629
2.691167
2.648866
2.676036
2.534019
2.581631
2.592165
2.606699
2.609862
2.598766
Block: 16384 kb
2.769546
2.849596
2.856156
2.828470
2.840707
2.837950
2.817727
2.857274
2.850944
2.852668
Block: 32768 kb
2.892246
2.863451
2.896301
2.927306
2.915027
2.922925
2.922874
2.897115
2.922900
2.931528
Block: 65536 kb
2.931605
2.955764
2.953163
2.951228
2.948635
2.982786
2.988340
2.953302
2.974155
2.952213
Block: 131072 kb
3.073386
3.075589
3.046932
3.085962
3.082500
3.055207
3.077197
3.031121
3.039347
3.095017