Running Strided Writes
Stride: 4 kb
Block: 4 kb
0.490953
0.134834
0.115651
0.103228
0.114019
0.100749
0.104843
0.102383
0.101454
0.097268
Block: 64 kb
0.212998
0.204522
0.214868
0.210193
0.205727
0.206781
0.201730
0.195370
0.199854
0.203386
Block: 256 kb
0.316826
0.313618
0.317445
0.310056
0.312439
0.345224
0.308547
0.320953
0.321308
0.312690
Block: 1024 kb
0.467059
0.465371
0.465159
0.453386
0.540811
0.464433
0.516315
0.466128
0.483917
0.475744
Block: 16384 kb
0.838147
0.610855
0.610586
0.596731
0.609391
0.622195
0.602886
0.628403
0.837105
0.609322
Block: 128000 kb
0.784697
0.648162
0.685992
0.644979
0.495918
0.736730
2.621397
0.936349
2.037830
0.723986
Stride: 8 kb
Block: 4 kb
0.107538
0.109888
0.103860
0.111999
0.119485
0.101679
0.115065
0.101221
0.123992
0.100389
Block: 64 kb
0.242125
0.222954
0.198763
0.207823
0.207780
0.230902
0.275357
0.270442
0.271905
0.259580
Block: 256 kb
0.542422
0.542092
0.520322
0.551549
0.552313
0.509682
0.552140
0.538995
0.542060
0.547444
Block: 1024 kb
1.034512
1.037748
0.942369
1.055757
1.037149
1.059591
1.063495
1.056090
1.006723
1.026309
Block: 16384 kb
1.395163
2.290547
2.222652
2.187413
2.323566
2.317449
2.328408
2.300225
2.309176
2.298169
Block: 128000 kb
2.588595
2.611894
2.510551
2.466602
2.538832
2.476032
2.508560
2.520301
2.491889
2.495763
Stride: 16 kb
Block: 4 kb
0.138382
0.140453
0.145375
0.144879
0.144406
0.138092
0.134976
0.130148
0.137401
0.135799
Block: 64 kb
0.288625
0.273451
0.271363
0.276108
0.280759
0.287236
0.287654
0.286054
0.289768
0.288873
Block: 256 kb
0.550560
0.527890
0.523302
0.526791
0.526461
0.518446
0.520750
0.524205
0.526514
0.521736
Block: 1024 kb
1.012540
1.022089
1.028198
1.030241
1.034460
0.974385
1.070842
1.051264
1.084919
1.095163
Block: 16384 kb
2.277993
2.364972
2.367021
2.300209
2.273022
2.293415
2.284080
2.299046
2.253409
2.200816
Block: 128000 kb
2.506398
2.581278
2.574228
2.502283
2.524315
2.512859
2.531402
2.499100
2.494102
2.553248
Stride: 32 kb
Block: 4 kb
0.138365
0.141290
0.141814
0.146316
0.143426
0.145869
0.146743
0.142003
0.135016
0.139100
Block: 64 kb
0.290684
0.289205
0.292016
0.290260
0.291127
0.290034
0.285934
0.287516
0.288834
0.288382
Block: 256 kb
0.545292
0.523614
0.526022
0.520995
0.523526
0.527622
0.524260
0.530652
0.554118
0.477779
Block: 1024 kb
1.130288
1.039266
1.033042
0.975951
0.995542
1.022679
1.033714
1.012655
1.037516
1.016299
Block: 16384 kb
2.248343
2.067624
1.956384
1.971139
1.905484
1.946048
1.818030
1.951463
1.908605
2.039139
Block: 128000 kb
2.128941
2.149299
1.564323
2.558016
2.504163
2.545987
2.468849
2.495265
2.513826
2.495178
Stride: 64 kb
Block: 4 kb
0.131742
0.141360
0.136854
0.140787
0.144493
0.145684
0.141722
0.136014
0.145810
0.141178
Block: 64 kb
0.288264
0.288405
0.287896
0.286090
0.285196
0.290646
0.290106
0.278149
0.276328
0.274186
Block: 256 kb
0.524053
0.550261
0.542734
0.549528
0.542597
0.552924
0.553751
0.550484
0.542565
0.553014
Block: 1024 kb
1.075848
1.022242
1.025479
1.020628
1.016158
1.034664
1.031900
1.026297
1.026873
1.021629
Block: 16384 kb
2.283543
1.951993
2.269123
2.015377
1.925054
1.866891
1.944939
1.905524
1.928272
1.954205
Block: 128000 kb
2.083563
1.632848
2.549811
2.512891
2.404199
2.524628
2.505556
1.943317
2.054413
2.587081
Stride: 128 kb
Block: 4 kb
0.133105
0.111091
0.111825
0.104505
0.107734
0.105805
0.118449
0.135308
0.131540
0.133516
Block: 64 kb
0.285237
0.271958
0.271048
0.277940
0.277015
0.288363
0.288463
0.285575
0.276641
0.285391
Block: 256 kb
0.540370
0.519146
0.520985
0.489131
0.518405
0.524187
0.523797
0.528412
0.506587
0.519691
Block: 1024 kb
0.499160
0.682352
0.549006
0.520750
0.483045
0.516198
0.472146
0.957183
1.018546
1.021879
Block: 16384 kb
2.336809
1.893631
1.544413
2.271390
2.226869
2.295347
2.302832
2.298053
2.223522
2.282959
Block: 128000 kb
2.520352
2.613573
2.631344
2.494786
2.400649
2.484447
2.461575
2.514913
2.547356
2.488986
Stride: 256 kb
Block: 4 kb
0.129455
0.135314
0.141328
0.134180
0.137197
0.137609
0.143473
0.137696
0.129995
0.136659
Block: 64 kb
0.289174
0.281536
0.280964
0.275128
0.273758
0.279384
0.287223
0.281375
0.291130
0.272195
Block: 256 kb
0.527874
0.524604
0.518580
0.523873
0.520055
0.519285
0.518828
0.520922
0.522084
0.523393
Block: 1024 kb
1.028712
0.945921
1.026844
0.489267
0.918780
0.463836
0.699751
0.478813
0.977715
1.018767
Block: 16384 kb
2.254644
2.151870
2.024988
1.609798
2.209452
2.320611
2.318631
2.300861
2.341789
2.292474
Block: 128000 kb
2.617198
2.536391
2.567144
1.969450
2.225689
2.119515
2.074839
2.087892
2.170148
2.225917
Stride: 512 kb
Block: 4 kb
0.098100
0.097551
0.123508
0.103464
0.100252
0.105840
0.129712
0.134814
0.130239
0.129388
Block: 64 kb
0.266232
0.277838
0.274589
0.271951
0.274858
0.280303
0.287769
0.289435
0.266671
0.271221
Block: 256 kb
0.520219
0.524720
0.513786
0.508886
0.524124
0.522835
0.523765
0.508956
0.363707
0.409783
Block: 1024 kb
0.468588
0.913799
1.075097
1.083674
1.075912
1.011886
0.966593
1.051234
1.050613
0.990822
Block: 16384 kb
2.248237
1.147876
1.801773
2.095772
2.216803
1.965443
1.981685
1.613744
2.110800
1.956128
Block: 128000 kb
2.139458
2.052503
2.519958
2.487469
2.589714
2.618843
2.389629
1.415833
2.614256
2.655246
Stride: 1024 kb
Block: 4 kb
0.130960
0.132961
0.132233
0.141237
0.134076
0.138210
0.144709
0.139005
0.138346
0.136815
Block: 64 kb
0.264820
0.276779
0.289563
0.289875
0.295099
0.290152
0.287379
0.291607
0.280301
0.264897
Block: 256 kb
0.492588
0.519556
0.519544
0.518477
0.526406
0.523874
0.518362
0.518819
0.382497
0.314319
Block: 1024 kb
0.472598
0.466297
0.458182
0.467324
0.463135
0.461666
0.466997
0.461327
0.461555
0.464438
Block: 16384 kb
2.053704
1.912214
1.940802
1.902693
1.898246
1.886152
2.059198
2.198619
2.283262
2.269545
Block: 128000 kb
2.620401
2.623240
2.585562
2.542433
2.491933
2.549460
2.490536
2.417941
2.383370
2.470228
Stride: 2048 kb
Block: 4 kb
0.129394
0.136210
0.137587
0.135321
0.136686
0.141223
0.134405
0.141570
0.135739
0.140372
Block: 64 kb
0.285272
0.273901
0.278366
0.272125
0.272237
0.291327
0.281411
0.284682
0.288198
0.284785
Block: 256 kb
0.541513
0.547186
0.542704
0.533746
0.553882
0.522401
0.523862
0.526817
0.527804
0.471004
Block: 1024 kb
1.045191
1.026641
1.030964
0.563922
1.004221
0.481269
0.979513
0.476733
0.855414
0.474663
Block: 16384 kb
2.296459
2.302386
2.255682
2.277982
2.265000
2.262894
1.922770
2.271643
2.252399
2.207720
Block: 128000 kb
2.449060
2.510815
2.440215
2.487785
2.505939
2.438834
2.544173
2.502578
2.571375
2.607630
Stride: 4096 kb
Block: 4 kb
0.135812
0.142105
0.139162
0.134488
0.140694
0.142069
0.139219
0.144472
0.136421
0.110604
Block: 64 kb
0.220506
0.196284
0.205888
0.204321
0.203598
0.204997
0.192136
0.196911
0.236720
0.261000
Block: 256 kb
0.512835
0.516466
0.517626
0.521732
0.520910
0.499726
0.521652
0.428960
0.525377
0.543131
Block: 1024 kb
1.100150
1.071484
1.071746
1.047263
1.075180
1.071848
1.060669
1.053831
1.074059
1.076507
Block: 16384 kb
2.343616
2.427709
1.115755
2.243239
2.261763
2.311375
2.259228
2.309074
2.272980
2.312925
Block: 128000 kb
2.564398
2.505838
2.588052
2.513516
2.576105
2.545028
2.504678
2.407961
2.202924
2.567315
Stride: 8192 kb
Block: 4 kb
0.130055
0.095735
0.097273
0.097004
0.095687
0.096914
0.097528
0.096884
0.096674
0.095183
Block: 64 kb
0.262243
0.286504
0.286404
0.289694
0.275457
0.274055
0.273271
0.272795
0.270378
0.272434
Block: 256 kb
0.572635
0.553268
0.573673
0.564060
0.566983
0.568558
0.573333
0.574631
0.572490
0.573116
Block: 1024 kb
1.328418
1.165659
0.555323
0.452040
1.272606
1.073641
1.329282
0.585453
1.074790
0.665443
Block: 16384 kb
1.021845
1.053482
1.468256
1.653838
1.957227
1.702107
1.835644
1.725599
1.192767
1.683780
Block: 128000 kb
2.123453
2.094601
2.296069
2.001221
2.033169
2.025099
2.144082
2.145992
2.043560
2.252851
Stride: 16384 kb
Block: 4 kb
0.045795
0.042691
0.039606
0.041320
0.040579
0.041178
0.042638
0.041692
0.042663
0.040696
Block: 64 kb
1.199816
1.295832
1.261174
1.257379
1.298558
1.216267
1.249611
1.228399
1.214098
1.239956
Block: 256 kb
1.912569
2.016178
1.957683
1.902931
1.758613
2.022241
1.831656
2.020757
1.949926
1.959324
Block: 1024 kb
2.155395
2.055934
1.870771
2.232726
1.992738
1.956021
1.807410
2.177705
2.089764
2.119866
Block: 16384 kb
2.140677
2.174949
2.159995
2.421818
1.706939
2.161849
2.043694
2.080144
2.073029
2.047879
Block: 128000 kb
2.159855
2.195101
2.193954
1.666961
2.519622
2.444551
2.488125
2.510525
2.506988
2.522304
Stride: 32768 kb
Block: 4 kb
0.014015
0.031871
0.033875
0.036347
0.034787
0.035460
0.031993
0.033410
0.035607
0.036122
Block: 64 kb
1.252205
1.386412
1.278168
1.262368
1.409147
1.470802
1.319754
1.418241
1.244646
1.501353
Block: 256 kb
1.732889
1.905887
2.057436
1.897252
2.033421
1.775423
2.055321
2.086554
2.067632
2.058715
Block: 1024 kb
2.272820
2.021803
2.091744
2.103054
1.688003
2.098623
2.132574
2.163004
2.367850
2.093890
Block: 16384 kb
2.008988
2.007641
1.991838
1.968411
1.966661
2.013037
1.753242
1.960431
1.988064
2.099552
Block: 128000 kb
2.007020
1.983466
2.009275
2.163725
2.111277
1.949588
2.059567
1.966429
2.213726
2.014383
Stride: 65536 kb
Block: 4 kb
0.011055
0.020053
0.020149
0.020424
0.020356
0.021161
0.022600
0.021700
0.021292
0.019864
Block: 64 kb
1.430855
1.245892
1.348750
1.391490
1.350204
1.311276
1.463203
1.318322
1.267080
1.435849
Block: 256 kb
1.950025
1.938477
1.936828
1.855814
2.004924
1.950462
1.920986
1.889773
1.963803
1.934030
Block: 1024 kb
1.979775
2.126488
1.967567
2.055397
1.470316
2.297308
1.957284
2.039102
2.042788
2.113298
Block: 16384 kb
0.575888
1.029299
0.628708
0.700527
0.578124
0.606844
0.834658
0.625855
0.833884
0.622674
Block: 128000 kb
0.798318
0.621265
0.677948
0.629100
0.626089
0.625509
0.560048
0.852753
0.639945
0.648474
Stride: 131072 kb
Block: 4 kb
0.007555
0.013171
0.012962
0.012852
0.012874
0.013500
0.014327
0.014713
0.014512
0.014514
Block: 64 kb
1.291307
1.343174
1.423327
0.893619
1.379925
0.686248
1.192862
0.618506
0.622331
0.567881
Block: 256 kb
0.626061
1.931572
2.061231
1.983057
2.027279
2.050390
2.077754
2.056771
2.066184
1.529845
Block: 1024 kb
2.044944
2.075175
2.102855
2.001149
2.415786
2.212683
2.112048
2.157832
1.209093
2.468929
Block: 16384 kb
1.089668
0.590019
1.539767
0.623062
0.746807
1.829907
0.639654
0.917536
0.620788
0.951370
Block: 128000 kb
0.625756
2.034795
0.662659
1.670116
0.638901
1.441182
0.623090
0.616350
1.594932
0.633469
Running Strided Reads
Stride: 4 kb
Block: 4 kb
0.114690
0.117506
0.116099
0.117075
0.117857
0.116579
0.116120
0.116972
0.118742
0.114368
Block: 64 kb
80.567190
81.960495
82.898116
82.719827
82.413056
80.282596
78.167749
83.084078
82.481029
82.236821
Block: 256 kb
316.055615
315.457421
314.267755
309.119015
310.462582
293.944733
310.173687
301.568145
303.122161
312.989034
Block: 1024 kb
1234.567905
1234.567905
1194.743089
546.746869
1193.317454
1165.501147
1245.330008
1236.093958
1230.012269
1222.493887
Block: 16384 kb
15873.015999
15625.000039
15625.000039
4098.360735
15384.615343
15625.000039
8064.516238
4237.288007
15384.615343
15625.000039
Block: 128000 kb
32258.064952
38461.538895
50000.001263
47619.047997
50000.001263
45454.545100
50000.001263
50000.001263
7352.941048
45454.545100
Stride: 8 kb
Block: 4 kb
5.325182
5.283346
5.219479
5.241805
5.276627
5.234177
5.226982
5.214770
5.253011
5.218036
Block: 64 kb
78.039643
80.057642
77.609626
77.942320
78.610171
76.934914
76.645970
77.772595
78.462139
78.302403
Block: 256 kb
274.499037
302.755071
313.676280
312.012485
313.971739
311.817901
314.564329
311.720700
315.656575
314.861464
Block: 1024 kb
1246.882801
1231.527074
1239.157412
1245.330008
1230.012269
1240.694750
755.857930
1240.694750
1240.694750
1218.026762
Block: 16384 kb
15873.015999
15151.515033
15873.015999
15625.000039
4255.319158
15873.015999
15873.015999
15873.015999
3184.713331
14925.372944
Block: 128000 kb
43478.259905
50000.001263
30303.030066
41666.665193
41666.665193
47619.047997
45454.545100
45454.545100
45454.545100
55555.553591
Stride: 16 kb
Block: 4 kb
5.313863
5.228895
5.239304
5.224988
5.237028
5.230865
5.266096
5.207574
4.758936
5.224387
Block: 64 kb
78.241141
77.706113
75.711690
80.096113
82.501442
82.243605
80.879974
72.843822
79.548169
77.845246
Block: 256 kb
284.414107
310.173687
314.762357
313.479616
314.070349
313.676280
297.619050
317.158259
314.070349
313.577917
Block: 1024 kb
1194.743089
1245.330008
1189.060641
1199.040759
1248.439470
1246.882801
841.042912
575.043138
1251.564499
1236.093958
Block: 16384 kb
11764.705928
15873.015999
15873.015999
14925.372944
15625.000039
16129.032476
15625.000039
16393.442939
12987.013499
15873.015999
Block: 128000 kb
45454.545100
47619.047997
41666.665193
41666.665193
47619.047997
45454.545100
45454.545100
47619.047997
47619.047997
43478.259905
Stride: 32 kb
Block: 4 kb
5.284211
5.278549
5.242849
5.228977
5.269759
5.261773
5.240431
5.239058
5.253784
5.270037
Block: 64 kb
78.235018
74.704916
76.091919
75.420468
73.561867
74.615729
75.534406
77.273781
78.511421
79.821198
Block: 256 kb
296.296289
309.214600
314.663312
249.190129
314.268353
221.287887
292.911548
302.480336
310.077509
301.568145
Block: 1024 kb
1116.071413
1114.827177
1118.568236
1025.641053
871.080132
348.796658
1132.502868
1243.781079
1203.369459
1218.026762
Block: 16384 kb
16129.032476
3496.503558
14705.882095
13698.629596
1305.483008
14705.882095
4464.285653
13888.888398
13698.629596
14492.753302
Block: 128000 kb
10101.010393
45454.545100
846.023663
12048.192917
43478.259905
47619.047997
4651.162948
41666.665193
66666.668351
47619.047997
Stride: 64 kb
Block: 4 kb
5.285301
5.273399
5.263684
5.202805
5.282201
5.258425
5.205053
4.702054
5.227419
5.289886
Block: 64 kb
78.870571
81.168833
81.846454
81.953776
82.189528
81.017583
81.030710
82.726672
80.912696
82.236839
Block: 256 kb
312.989034
305.997555
312.891125
224.668607
313.479616
314.366551
313.087028
313.087028
316.255525
297.530499
Block: 1024 kb
964.320173
1245.330008
1237.623789
1248.439470
1246.882801
1230.012269
1237.623789
1203.369459
1240.694750
1225.490218
Block: 16384 kb
15625.000039
15873.015999
4739.336359
16129.032476
15384.615343
16129.032476
15873.015999
16129.032476
15151.515033
16129.032476
Block: 128000 kb
55555.553591
45454.545100
47619.047997
47619.047997
47619.047997
47619.047997
45454.545100
47619.047997
43478.259905
45454.545100
Stride: 128 kb
Block: 4 kb
5.327480
5.206842
5.228348
5.259033
5.258011
5.206652
5.221550
5.213764
5.225233
5.145515
Block: 64 kb
76.640100
76.359193
75.717424
76.657724
75.505888
82.270670
53.602057
61.398658
76.190479
72.743143
Block: 256 kb
313.774705
314.762357
315.258518
309.214600
319.081035
312.891125
322.788888
314.861464
313.479616
315.756246
Block: 1024 kb
1243.781079
1257.861635
1228.501186
1245.330008
1257.861635
1245.330008
1234.567905
1256.281395
1251.564499
511.770733
Block: 16384 kb
15873.015999
14925.372944
7352.941048
15873.015999
15625.000039
14705.882095
15625.000039
15384.615343
15625.000039
13333.332700
Block: 128000 kb
45454.545100
45454.545100
41666.665193
3999.999810
55555.553591
926.784102
45454.545100
5847.952978
4424.778688
47619.047997
Stride: 256 kb
Block: 4 kb
5.252929
5.245131
5.269648
5.244443
5.251135
5.223296
5.274206
5.223078
5.232179
5.256214
Block: 64 kb
78.222781
79.088894
80.781970
80.651665
79.808460
81.070128
82.385897
82.712984
80.593163
80.444049
Block: 256 kb
308.928023
313.087028
305.623472
304.785120
312.891125
312.597695
311.429461
294.290757
307.314066
307.787006
Block: 1024 kb
1256.281395
1246.882801
995.024906
1176.470573
987.166802
1245.330008
1250.000032
1254.705120
1207.729442
1248.439470
Block: 16384 kb
14925.372944
16129.032476
15625.000039
16129.032476
15873.015999
4347.825990
15625.000039
4255.319158
15625.000039
15873.015999
Block: 128000 kb
1215.066858
45454.545100
41666.665193
38461.538895
35714.285224
45454.545100
32258.064952
43478.259905
43478.259905
24390.244302
Stride: 512 kb
Block: 4 kb
5.273983
5.174751
5.245929
5.231056
5.222914
5.233355
5.281755
5.234643
5.182421
5.249013
Block: 64 kb
78.179968
73.866154
72.732564
78.468298
82.603665
80.064054
82.658288
80.840746
81.221575
80.508817
Block: 256 kb
302.388869
302.846760
313.873191
315.357938
312.012485
314.663312
313.676280
313.774705
314.267755
306.466448
Block: 1024 kb
1251.564499
1213.592251
1236.093958
1225.490218
1196.172219
758.150095
990.099003
1237.623789
1237.623789
1231.527074
Block: 16384 kb
14705.882095
15873.015999
13333.332700
15873.015999
15873.015999
14285.713904
16393.442939
15873.015999
15873.015999
15625.000039
Block: 128000 kb
40000.001010
47619.047997
43478.259905
45454.545100
43478.259905
41666.665193
27027.025850
3003.002971
45454.545100
43478.259905
Stride: 1024 kb
Block: 4 kb
5.289690
5.226872
5.178289
5.233027
5.227637
5.218444
5.291761
5.038875
5.256380
5.239772
Block: 64 kb
75.306874
28.016697
79.428115
78.235018
79.251864
79.668581
79.611496
79.390283
79.757537
78.864355
Block: 256 kb
306.560399
306.466448
303.306040
307.597655
302.846760
304.136263
268.817210
313.577917
299.222017
301.932360
Block: 1024 kb
1233.045615
1242.235997
528.820740
1248.439470
1194.743089
1193.317454
415.110013
1243.781079
1265.822753
1230.012269
Block: 16384 kb
15384.615343
1084.598725
16129.032476
15384.615343
5747.126414
15384.615343
16129.032476
15873.015999
16129.032476
15873.015999
Block: 128000 kb
43478.259905
45454.545100
40000.001010
50000.001263
45454.545100
4115.226300
45454.545100
55555.553591
47619.047997
4098.360735
Stride: 2048 kb
Block: 4 kb
5.170016
5.123922
5.139776
5.227829
5.251135
5.225944
5.264654
5.169455
5.305800
5.272147
Block: 64 kb
76.330049
77.857365
78.339211
82.447025
80.684203
81.056982
81.719374
81.726054
79.308428
82.081587
Block: 256 kb
312.402381
307.597655
317.359567
316.355575
316.856776
308.737266
313.087028
317.863957
316.255525
316.155538
Block: 1024 kb
1233.045615
1243.781079
1234.567905
1254.705120
1250.000032
1246.882801
325.626821
1203.369459
1213.592251
1236.093958
Block: 16384 kb
15873.015999
16393.442939
15873.015999
15873.015999
15625.000039
15873.015999
16393.442939
15873.015999
15384.615343
15625.000039
Block: 128000 kb
50000.001263
50000.001263
47619.047997
47619.047997
43478.259905
47619.047997
4807.692362
5714.285918
50000.001263
52631.581285
Stride: 4096 kb
Block: 4 kb
5.272982
5.255883
5.195589
5.224060
5.262798
5.155596
5.233109
5.227228
5.275653
5.201831
Block: 64 kb
76.382523
78.659639
81.586030
82.946254
82.135522
79.157764
81.135903
81.960495
82.081587
81.826363
Block: 256 kb
298.596606
315.357938
317.863957
316.957207
314.762357
292.740052
316.355575
316.255525
307.881768
306.278718
Block: 1024 kb
1254.705120
1245.330008
1250.000032
1204.819313
1233.045615
1248.439470
1219.512172
1237.623789
1236.093958
1210.653748
Block: 16384 kb
16129.032476
15151.515033
15384.615343
16129.032476
16393.442939
1697.792861
15873.015999
16129.032476
2739.725919
15625.000039
Block: 128000 kb
45454.545100
2398.081518
55555.553591
47619.047997
47619.047997
52631.581285
47619.047997
52631.581285
58823.528380
50000.001263
Stride: 8192 kb
Block: 4 kb
5.298715
5.195372
5.265847
5.233574
5.285357
5.267732
5.266983
5.198640
5.184060
5.206977
Block: 64 kb
76.022502
77.857365
78.363767
77.214117
81.360343
80.192459
79.001422
78.585460
78.033557
75.187971
Block: 256 kb
263.365812
302.663437
219.587166
284.090907
313.479616
302.755071
301.023487
285.469606
302.571859
280.426255
Block: 1024 kb
1240.694750
1111.111130
962.463912
1204.819313
1225.490218
1239.157412
1175.088106
1242.235997
1203.369459
1203.369459
Block: 16384 kb
15625.000039
15873.015999
15873.015999
15625.000039
16393.442939
813.008095
14925.372944
13333.332700
15873.015999
4219.409279
Block: 128000 kb
3968.254000
45454.545100
47619.047997
1447.177955
50000.001263
45454.545100
2227.171424
43478.259905
47619.047997
47619.047997
Stride: 16384 kb
Block: 4 kb
5.242464
5.182770
5.166544
5.274428
5.246067
5.259559
5.192620
5.019627
4.907470
4.888995
Block: 64 kb
72.129254
77.724236
75.204934
76.988218
79.302144
83.104798
76.417543
78.536085
80.567190
82.440233
Block: 256 kb
329.163915
333.333330
333.889818
334.112933
331.674969
332.557357
331.674969
320.924264
314.169021
328.623081
Block: 1024 kb
1329.787196
1326.259984
1223.990219
1333.333322
1291.989640
1328.021299
1326.259984
1326.259984
1335.113487
1324.503335
Block: 16384 kb
17543.859309
18518.518487
13513.512925
14925.372944
14285.713904
14492.753302
14285.713904
14492.753302
14705.882095
14492.753302
Block: 128000 kb
47619.047997
41666.665193
47619.047997
32258.064952
43478.259905
45454.545100
47619.047997
43478.259905
45454.545100
55555.553591
Stride: 32768 kb
Block: 4 kb
4.601255
5.239415
5.300147
5.190653
5.227610
5.188228
5.181750
5.171380
5.176439
5.190168
Block: 64 kb
71.494959
70.871723
60.375535
70.751379
70.927016
70.706355
70.136064
70.487067
70.886793
71.705151
Block: 256 kb
263.574063
263.019458
264.760400
250.187645
264.061265
159.134312
264.970846
269.034175
271.296806
266.098990
Block: 1024 kb
1048.218042
1060.445364
1067.235887
1057.082469
1047.120423
1047.120423
1061.571110
1067.235887
1066.098101
1114.827177
Block: 16384 kb
13513.512925
13888.888398
776.397498
13698.629596
14492.753302
809.061501
13698.629596
13698.629596
13888.888398
12195.122151
Block: 128000 kb
43478.259905
23809.523999
58823.528380
50000.001263
52631.581285
47619.047997
47619.047997
52631.581285
55555.553591
62500.000158
Stride: 65536 kb
Block: 4 kb
5.260251
5.211862
5.172797
5.257596
5.119620
5.186023
5.216076
5.246783
5.306531
5.187260
Block: 64 kb
69.497533
72.532093
71.617848
69.075086
68.558893
70.407661
71.260600
66.644452
71.433673
70.407661
Block: 256 kb
264.900655
267.522735
162.548770
265.886732
280.347637
270.635997
246.184134
263.574063
267.451185
267.379674
Block: 1024 kb
1070.663799
340.483485
1228.501186
1239.157412
1207.729442
1231.527074
1054.852320
1043.841316
801.282079
833.333294
Block: 16384 kb
13513.512925
2857.142959
14285.713904
13888.888398
14084.506604
14084.506604
14285.713904
13698.629596
14492.753302
14084.506604
Block: 128000 kb
47619.047997
47619.047997
37037.036975
43478.259905
45454.545100
41666.665193
45454.545100
41666.665193
50000.001263
45454.545100
Stride: 131072 kb
Block: 4 kb
5.205947
5.180783
5.183012
5.221742
5.251439
5.218907
5.235163
5.315982
5.205649
5.131389
Block: 64 kb
70.896847
82.685487
75.993615
82.007543
85.594452
85.433576
85.236959
81.940349
84.509423
85.947573
Block: 256 kb
334.896191
342.935518
334.001338
333.333330
330.250990
260.552379
314.267755
335.120654
331.345269
337.268129
Block: 1024 kb
1164.144325
1278.772350
1057.082469
1091.703069
1137.656429
1012.145794
1231.527074
1314.060492
1340.482617
1302.083287
Block: 16384 kb
17543.859309
18181.818040
17543.859309
18518.518487
18518.518487
18181.818040
16949.152030
14705.882095
16666.667088
16949.152030
Block: 128000 kb
50000.001263
552.181099
55555.553591
45454.545100
6944.444199
6060.605880
3759.398663
4032.258119
47619.047997
43478.259905
